% teams = 4, round length = 2
W = [
-1 1 0 0 
0 0 -1 1 
-1 0 1 0
0 -1 0 1
-1 0 0 1 
0 -1 1 0 
] 

s = [
1 2
3 4
1 3
2 4
1 4
2 3
] 

% teams = 6, round length = 3
W = [
-1 1 0 0 0 0
0 0 -1 1 0 0
0 0 0 0 -1 1
-1 0 0 1 0 0
0 -1 0 0 1 0
0 0 -1 0 0 1
-1 0 0 0 1 0
0 -1 1 0 0 0
0 0 0 -1 0 1
-1 0 1 0 0 0
0 -1 0 0 0 1
0 0 0 -1 1 0
-1 0 0 0 0 1
0 -1 0 1 0 0
0 0 -1 0 0 1
]

s = [
1 2 
3 4 
5 6 
1 4 
2 5
3 6
1 5
2 3
4 6
1 3
2 6
4 5
1 6
2 4
3 5
]

% teams = 8, length round = 4
W = [
-1 1 0 0 0 0 0 0 
0 0 -1 1 0 0 0 0 
0 0 0 0 -1 1 0 0 
0 0 0 0 0 0 -1 1
-1 0 0 0 1 0 0 0 
0 -1 0 0 0 1 0 0 
0 0 -1 0 0 0 1 0 
0 0 0 -1 0 0 0 1
-1 0 1 0 0 0 0 0 
0 -1 0 1 0 0 0 0 
0 0 0 0 -1 0 1 0 
0 0 0 0 0 -1 0 1 
-1 0 0 0 0 0 0 1 
0 -1 1 0 0 0 0 0 
0 0 0 -1 1 0 0 0 
0 0 0 0 0 -1 1 0 
-1 0 0 1 0 0 0 0
0 -1 0 0 0 0 1 0
0 0 -1 0 0 1 0 0
0 0 0 0 -1 0 0 1 
-1 0 0 0 0 1 0 0 
0 -1 0 0 1 0 0 0 
0 0 -1 0 0 0 0 1
0 0 0 -1 0 0 1 0 
-1 0 0 0 0 0 1 0 
0 -1 0 0 0 0 0 1
0 0 0 -1 0 1 0 0 
0 0 -1 0 1 0 0 0 
]

s = [
1 2
3 4
5 6
7 8
1 5
2 6
3 7
4 8
1 3
2 4
5 7
6 8
1 8
2 3
4 5
6 7
1 4 
2 7 
3 6
5 8
1 6
2 5
3 8
4 7
1 7
2 8
4 6
3 5
]


hindsight(W,s,'ls')
hindsight(W,s,'keener')
hindsight(W,s,'elo')
hindsight(W,s,'eloscores')

foresight(W,s,'ls')
foresight(W,s,'keener')
foresight(W,s,'elo')
foresight(W,s,'eloscores')



73.33 & 66.67 & 60.00 & 60.00